193
906
659
901
629
861
529
542
713
812
711
953
887
643
782
579
782
790
665
773
673
987
959
857
838
770
533
747
865
613
697
979
854
617
604
977
839
579
980
918
805
728
983
792
830
585
638
799
998
847
742
554
708
626
630
952
674
963
813
556
925
713
732
771
698
520
920
747
804
804
705
872
848
662
789
899
939
500
548
902
641
716
551
718
872
706
865
842
649
682
714
770
855
706
640
570
749
808
767
953
776
0.900375
8.46832
0.660888
0.680094
38.6271
1.16237
0.0249922
5.41707
58.0326
0.0781375
15.3887
66.6571
1.41843
29.0922
1.2574
9.48732
14.1348
1.19777
3.62541
14.1362
147.245
0.442827
14.6172
12.4908
40.4351
0.0504556
0.464252
0.968176
0.484213
26.6924
138.903
79.243
6.1666
2.30415
25.764
60.5905
2.50538
149.904
31.2083
2.74774
18.7772
0.553956
63.5517
4.69563
4.43714
1.81519
6.09733
157.32
16.5369
40.2945
2.98534
21.6286
19.6021
2.17222
1.69379
20.3217
130.905
20.81
1.84095
56.3803
3.22198
46.1447
1.26528
18.8641
0.977119
46.019
6.10873
5.75217
0.26832
14.0837
3.30093
0.289671
0.0263322
9.48565
0.13772
45.5001
0.986218
5.44911
110.142
10.357
5.50089
4.68822
0.00637457
101.664
1.04403
3.44179
65.8084
3.82949
1.24512
26.9696
0.25832
70.3127
4.18126
3.51802
0.230506
0.175791
26.1185
5.16662
116.736
7.67739