197
500
660
894
811
847
839
633
801
976
868
601
578
879
814
859
700
632
533
802
883
658
787
913
855
579
980
796
538
506
608
577
530
855
768
567
701
584
738
990
964
849
886
842
733
550
619
928
833
667
674
620
896
978
789
580
529
820
605
575
689
507
973
754
675
948
974
839
790
863
804
626
968
735
962
896
785
798
657
713
809
689
731
822
747
640
588
555
759
900
759
539
550
682
729
595
991
879
643
793
850
3.12667
15.7754
16.6947
0.0835967
82.2792
0.328944
0.0612021
6.14063
146.822
89.4674
0.0271947
1.11361
87.4094
27.9226
11.2931
0.00410309
2.83064
0.00402337
1.15791
4.98381
0.165495
8.69772
3.78165
0.21845
2.56553
0.306956
1.09721
0.944994
1.976
5.17594
2.10542
0.293521
2.62938
18.2511
0.222401
8.25501
0.334924
0.0343283
3.7289
134.282
0.961682
0.782104
0.0666287
0.192535
2.10867
0.053238
2.80124
2.37747
0.180663
0.623546
0.241043
22.7613
0.0214594
6.04365
2.64295
0.017709
0.629037
3.92506
0.0702434
3.51346
0.948249
7.25095
21.6428
1.83673
86.1887
0.504996
84.7804
0.283127
0.599546
43.3802
11.0582
30.5454
0.123111
2.71277
67.6095
2.82696
0.0678028
4.59988
7.1462
52.4982
4.00201
0.920899
0.0277248
17.1062
0.00442763
0.275912
0.203508
17.0791
0.476109
0.0252848
1.45401
0.0988281
0.0975409
46.8198
0.00204645
46.4205
71.1854
0.129322
3.48225
87.2337