193
861
735
775
852
966
557
570
625
733
540
543
766
660
953
941
524
763
629
918
926
972
509
516
610
915
588
891
919
854
874
790
559
575
912
987
587
585
758
733
705
640
744
582
985
783
999
677
570
592
640
676
780
822
631
843
639
503
891
606
853
816
985
694
602
910
785
593
581
931
593
762
727
718
622
838
614
543
879
947
991
874
679
817
947
820
823
540
815
903
532
933
535
778
627
773
733
957
581
762
956
1.37357
46.6911
18.1102
8.04165
3.64744
0.166358
11.0392
3.12814
46.6205
2.17812
0.136814
3.21649
22.9085
41.7011
5.21103
4.436
49.9527
2.3787
116.97
100.746
74.1687
4.26802
0.280243
2.91705
119.174
3.15657
5.74376
105.01
75.0577
11.155
14.6082
0.0240334
3.90633
51.9589
99.9252
3.64729
0.543997
49.8668
2.2663
5.83214
23.1107
6.32874
8.64603
5.80294
23.3579
37.6224
10.5767
2.03011
0.576617
7.90294
29.651
41.4641
1.57124
17.9541
18.0252
2.1387
0.524681
72.709
0.274224
60.3013
48.1887
76.931
9.90625
13.927
71.1966
40.2535
14.0414
8.18008
11.2319
0.927525
0.00851439
22.965
0.504394
7.02247
12.1647
0.201086
2.00684
51.9057
132.618
47.8098
6.56747
2.64343
63.3209
8.82668
2.04288
0.337493
0.0777391
13.7674
111.015
2.18961
119.815
0.540165
15.4315
6.91123
7.86376
43.5683
6.99522
1.27525
17.3749
7.95785