194
660
574
536
727
574
756
845
657
595
904
919
561
714
763
982
896
972
800
996
569
963
723
877
869
817
982
970
636
785
933
710
576
987
850
645
781
537
944
775
905
591
502
839
810
649
857
722
942
921
867
812
638
586
607
566
761
608
532
802
503
746
942
521
562
787
878
902
670
593
786
648
572
845
740
979
562
844
779
613
730
963
613
905
592
718
945
683
938
527
919
718
635
510
956
803
754
669
771
969
803
13.3037
7.12896
3.28333
44.9273
0.189245
6.05451
20.5177
0.219622
8.45168
11.2679
2.83306
1.795
24.6828
7.19063
114.764
5.07996
120.701
5.48984
9.81399
0.0818231
102.721
24.5054
0.549844
0.825816
2.34033
144.122
9.05345
0.936469
4.75668
65.2803
0.64052
0.594704
107.33
36.3317
0.758297
1.26595
0.12359
2.93582
36.3747
5.97068
11.4999
0.00470596
32.3858
60.6639
2.04732
0.161441
40.2172
17.2197
58.06
0.192941
26.7977
0.229787
1.14568
4.73587
0.339023
1.39445
0.668664
7.73344
29.9938
0.807696
0.959336
47.9569
3.4129
2.8344
4.00804
0.555173
112.437
4.55845
2.44615
22.8605
14.3577
7.08063
77.8523
29.5463
8.39183
6.3929
13.0844
39.1565
5.84985
19.2483
61.1816
0.881479
2.81366
1.50512
19.8687
46.8781
4.9592
12.6608
0.192393
58.5323
0.186067
12.0825
0.498496
101.109
2.29832
46.9217
16.4395
1.65213
35.9042
60.0917