188
639
653
614
558
937
727
534
568
902
741
792
506
877
719
536
626
931
573
622
675
532
831
797
641
938
934
632
986
640
645
867
834
728
688
605
913
805
587
607
789
937
670
640
681
536
887
715
960
584
932
649
528
979
779
973
805
709
972
772
562
935
567
892
661
879
771
955
607
688
505
939
943
592
563
902
834
804
583
605
976
751
650
705
825
754
970
803
969
560
760
738
977
711
554
627
504
835
940
678
694
12.817265
2.180333
0.597088
2.045906
78.635895
9.916008
0.174688
3.120617
99.878430
0.226918
21.898885
1.817371
97.405701
6.386177
1.061360
2.733757
1.011476
2.588268
0.280812
2.031267
3.276834
72.491521
2.769964
1.055245
78.336148
5.638306
0.482330
139.901930
0.534313
20.958777
94.619640
1.349851
6.466199
12.460211
0.294897
41.583117
64.504685
1.122980
3.464889
36.231234
128.894493
41.203829
7.847105
0.577838
0.340449
15.238556
0.258291
112.897029
0.114101
32.016632
3.583433
0.137812
6.007863
6.506850
23.959359
42.170439
8.301364
2.274488
26.810262
0.165712
7.977829
1.008170
39.550653
4.460426
42.428983
1.982033
139.056036
0.540747
0.176665
2.442275
77.354735
91.243825
5.553312
0.164819
11.541018
4.629833
1.081479
6.169972
0.411709
145.969300
0.732276
12.127180
11.757830
0.242895
4.890096
68.252771
1.456327
10.960594
3.560360
0.433346
4.376783
141.965116
0.979641
3.227311
0.243839
2.992434
72.493053
76.690427
14.804889
8.281454
