189
734
733
938
715
568
871
949
672
810
611
869
755
731
802
792
882
740
973
902
854
826
965
679
898
856
920
888
954
799
578
708
765
594
818
872
599
817
610
829
789
891
907
604
789
937
897
833
679
518
912
668
538
589
855
715
913
916
563
530
757
618
571
939
891
524
956
545
963
852
768
756
651
678
772
606
565
775
610
776
594
770
523
552
619
780
955
903
811
504
643
525
721
657
615
956
663
552
952
730
539
5.733669
28.985478
57.755896
20.189734
7.687735
87.215732
28.018967
16.495572
40.074386
2.578371
21.961506
35.657513
26.999463
61.145785
56.914217
96.096661
35.024322
107.779323
111.258002
88.980133
83.881435
112.532312
32.029597
69.515062
95.984280
1.840272
105.464362
114.221589
11.065225
11.176230
20.181520
28.587962
4.582350
69.432731
10.756394
2.179368
73.082630
11.670463
82.853185
64.855791
104.010999
112.712543
1.651084
1.052144
102.701687
28.793593
16.170402
32.354355
6.831296
35.577040
11.886762
9.628822
5.580939
37.627320
5.236392
114.663629
93.664592
9.084513
3.238539
21.912638
8.668658
5.847335
20.879203
106.653368
2.738134
26.408786
3.291867
16.900373
54.395394
48.291932
40.461498
10.042798
8.481151
43.156942
16.052838
1.802604
45.601407
6.361709
19.878682
6.711396
5.136093
3.208424
9.513853
1.062759
17.450234
112.294610
56.814603
71.909178
3.321830
9.894344
2.068553
22.605263
3.989446
12.076301
69.569910
2.883087
3.583237
4.725889
2.181592
4.755467
