189
889
513
606
589
932
776
787
727
764
780
792
788
825
950
531
963
739
963
805
711
781
890
587
963
758
564
515
609
948
761
622
517
548
692
735
870
520
860
894
693
807
989
559
864
992
706
809
523
570
500
579
600
502
986
537
676
534
602
691
607
745
666
846
556
926
572
874
957
515
539
601
585
534
517
768
506
570
842
703
885
994
593
691
637
633
617
642
991
836
792
713
959
652
524
598
995
726
722
815
988
0.860702
0.863541
15.744888
1.228443
86.882902
21.654895
64.224619
42.886473
29.460686
62.311126
38.636900
61.377961
70.646831
129.653704
3.781722
85.418533
41.332382
75.529334
38.829911
48.688847
58.330550
56.630764
0.223581
31.798161
37.822947
3.285239
5.730081
1.920653
87.046113
13.971276
15.001624
5.121826
10.559358
4.510407
43.516008
66.033085
2.913871
57.239882
34.777018
35.896891
73.678402
84.555301
3.233294
65.704122
22.688892
38.570057
69.036397
0.717836
0.156460
0.426679
2.013055
1.254103
2.520596
93.292822
2.983745
15.259422
7.284584
8.326373
29.254351
8.007456
45.197564
31.742536
85.800614
11.113469
108.194738
8.667108
62.958996
139.464923
2.194054
0.343190
7.132090
9.049531
5.316804
2.240754
60.941859
2.031141
8.857691
21.178343
40.560299
70.879548
22.043918
9.783637
28.781129
15.938669
15.260378
18.579633
22.092168
144.252684
84.842843
47.444969
31.598845
31.983509
1.268461
3.761164
7.990858
17.827507
9.428943
24.052719
69.961224
23.769147
