188
578
874
570
545
934
567
919
942
718
830
875
655
699
563
598
849
650
601
596
591
658
813
638
907
725
554
984
909
872
933
585
843
914
638
750
947
633
744
952
696
820
967
618
565
650
853
956
730
579
557
642
956
638
985
576
862
560
538
989
530
674
670
636
960
693
588
593
920
891
526
696
618
960
968
608
726
511
812
870
520
947
585
552
641
729
558
788
770
991
527
891
599
588
884
721
884
819
615
724
756
8.172552
60.649461
0.320522
3.575789
52.103625
0.274002
98.678922
97.569827
3.005525
40.505429
12.310889
0.853389
0.122693
7.960729
1.693949
1.250772
0.847950
0.145116
4.655905
1.498484
0.151141
29.024454
2.536931
25.583877
5.925876
0.389672
119.672379
59.652968
97.938618
18.706146
1.330591
6.017455
95.769339
12.808644
16.630558
25.709851
0.411617
15.687050
127.649967
4.844363
32.362685
139.638313
0.099823
1.863601
17.822135
65.454805
135.256852
0.386713
3.972755
6.964876
6.922334
136.035026
8.975244
8.251478
4.348439
51.322701
0.658199
1.904138
58.455224
0.174266
0.511025
0.496266
2.901709
138.623658
9.550593
1.559926
4.354270
25.189346
25.365040
0.376055
9.833883
1.603580
140.598261
0.318816
3.910737
0.193053
2.902840
39.465796
1.744351
0.894904
84.192722
0.833059
4.970321
17.495359
2.375028
5.866065
3.476019
2.322282
66.341945
2.393575
3.870931
4.632557
0.114482
18.666382
24.069865
11.232849
1.351530
10.702191
0.936618
46.232783
