192
913
906
666
941
701
795
623
916
618
863
986
618
934
931
565
835
899
877
815
727
883
864
964
518
916
784
809
836
712
507
517
913
840
813
804
648
995
662
737
860
950
899
808
757
792
652
626
731
951
804
510
674
713
990
756
987
997
697
584
826
643
548
957
587
737
839
939
634
593
832
974
767
902
695
725
742
825
767
949
610
783
792
897
686
670
965
523
970
860
767
996
520
807
588
848
505
922
814
640
572
0.615345
23.190100
9.252690
92.943759
6.426210
1.174415
14.577033
89.674365
6.192907
45.123447
141.207392
18.208798
88.677623
102.826984
7.487135
30.566371
63.200273
91.730163
27.459738
0.822228
4.747633
25.692683
109.363166
0.573307
2.881592
58.448688
5.964009
34.505526
4.107510
2.810511
1.323002
60.437463
8.055656
13.950910
10.175562
7.236270
71.078715
0.193266
3.136758
12.646613
132.076370
7.351871
0.295106
0.819867
7.960812
1.276220
2.577168
5.012069
135.097423
6.013220
7.688279
5.576323
6.984549
137.978278
44.882135
1.356523
59.859275
8.628013
11.092918
33.607953
7.373877
0.237372
101.592342
0.557657
3.586593
55.541758
32.196792
0.459827
1.477296
29.427375
141.254680
3.293805
0.673595
0.862553
2.582075
7.951444
4.323078
3.757291
131.483354
1.554336
4.781718
12.142300
62.026703
0.807498
40.047211
38.182255
4.834474
140.471399
39.782678
0.816899
27.686113
0.480537
7.078509
1.133889
7.745810
12.191126
118.823720
8.163499
6.059079
4.549875
