185
882
721
544
895
828
971
630
812
760
510
865
674
589
837
758
925
749
573
951
899
775
848
841
713
649
627
924
766
889
782
931
592
928
718
516
523
670
768
829
730
832
564
739
818
986
643
824
718
791
531
603
850
872
516
934
756
797
925
888
800
715
880
957
789
629
521
869
908
620
818
910
920
553
829
858
570
895
896
638
956
728
875
653
836
602
548
957
646
564
836
537
775
604
588
897
761
640
730
960
559
0.801942
36.236218
6.611434
93.309656
81.180160
105.289475
19.156748
51.408946
36.652116
7.901759
26.258846
8.824816
14.999525
81.347020
15.323714
118.915418
35.734970
6.701762
38.981978
105.831163
23.368360
74.274207
78.927643
0.676229
12.693490
5.041518
116.821093
39.943052
78.871484
2.633265
51.713761
10.426493
125.161464
7.445676
4.941380
0.555218
19.081617
36.453137
38.757896
36.745407
20.138184
7.752271
1.984893
74.255442
2.822119
23.590399
65.011041
27.341568
62.077147
5.990904
8.466544
6.190263
26.606050
1.998889
57.743574
30.915692
5.217835
3.234090
14.248670
1.938382
14.873711
97.628220
78.586682
26.470921
1.091881
6.674696
94.893300
101.981639
8.519020
79.342121
98.806379
89.617339
4.986882
66.177063
79.971093
12.586346
100.519963
101.305956
12.612631
12.303788
36.087382
96.222814
5.962457
28.622330
10.169741
9.298907
11.901178
11.019370
6.736465
9.267056
7.858375
57.553309
0.452152
0.142431
24.237556
34.157393
4.432783
39.588159
140.641477
3.189400
