190
826
700
693
837
552
840
578
737
506
816
865
632
936
628
763
616
954
630
580
801
844
792
741
894
539
738
511
670
567
831
540
828
561
521
930
989
726
747
856
906
672
628
814
528
557
816
674
885
644
993
785
822
647
655
508
963
777
807
838
554
755
883
515
964
682
975
812
504
767
938
764
727
640
518
944
519
618
971
987
979
810
541
569
542
652
679
855
679
600
775
881
885
716
959
602
834
697
713
515
867
1.873954
19.015184
3.788871
58.733520
1.874779
76.144412
1.111633
0.842647
6.836359
3.329934
89.493215
4.513549
62.687630
7.728156
30.870248
8.959902
119.626620
4.193001
5.369108
50.326382
69.804168
45.287254
7.315715
83.208214
5.899330
26.584963
10.367865
16.168360
1.463565
70.437197
1.602615
19.395074
9.381526
5.109311
112.411285
36.602561
15.452430
7.227523
50.932701
78.411297
7.090784
0.082561
22.278116
1.454312
1.081559
10.114864
11.044706
100.567231
7.413074
41.210785
66.419741
78.063942
11.123209
12.109009
0.326121
48.473119
7.411808
57.248576
35.664426
1.843055
27.566218
102.588864
3.492964
132.215286
2.945029
124.861824
50.362869
2.630156
14.465828
68.571629
4.625786
1.993002
22.522794
5.015560
52.535210
3.717525
32.262465
103.524015
151.764159
98.089839
14.738083
3.382080
7.868068
6.571465
6.654559
16.257002
58.173386
27.194789
8.353614
31.168505
95.925845
85.578255
16.280024
48.346054
0.146515
5.344419
1.082454
9.330251
5.668379
57.481018
