192
730
675
556
707
628
933
669
968
799
970
727
517
898
529
616
560
715
550
636
917
919
616
698
727
717
842
978
698
881
683
947
636
852
952
888
957
510
591
999
590
605
606
882
867
624
710
615
987
950
777
583
570
908
823
646
583
504
988
757
590
725
973
817
614
653
598
572
579
985
965
562
606
836
869
785
520
741
855
987
898
768
877
600
709
675
851
802
534
804
855
875
772
843
649
941
771
935
624
868
986
6.322307
1.633500
5.476111
2.334982
13.879800
3.428504
25.455995
130.806880
67.613853
140.313171
6.479660
4.193072
107.467875
0.547436
0.992467
5.522127
3.603705
18.057156
1.089552
17.313970
1.017590
0.793469
3.321984
6.341868
3.325808
87.013173
143.768586
3.321984
39.112780
3.255702
100.640814
3.048783
23.058472
7.414498
47.835420
109.232956
0.498606
0.905454
23.302753
0.380064
6.123830
3.592225
1.803047
63.339901
2.006043
2.207151
0.220779
22.589646
108.690452
5.737434
8.092919
3.175995
88.958579
22.357064
0.062021
0.104253
0.200318
39.859545
30.172193
3.410061
4.211835
138.586218
15.797350
1.556462
1.221863
17.972795
0.684138
15.781359
87.130366
27.441017
0.063286
0.048072
0.598027
29.130225
2.303113
6.444976
7.109238
36.781276
40.645229
72.258252
7.138940
55.527313
6.440524
37.917392
4.273383
14.001725
9.333290
1.741185
2.939642
26.307425
8.034743
58.132510
19.516759
2.250124
92.465351
5.134166
103.997348
0.422532
27.310902
148.357974
