190
545
711
720
529
705
564
882
697
530
510
947
905
588
646
515
932
635
554
500
897
627
528
536
661
871
543
701
764
682
983
988
656
974
803
916
984
763
646
975
666
985
924
901
980
809
872
908
900
849
510
533
518
509
745
546
563
869
992
594
676
917
722
709
864
970
848
600
968
955
947
818
870
533
856
636
606
734
801
963
725
778
638
841
757
677
609
677
577
948
696
869
544
936
898
825
989
936
934
848
988
9.089350
5.019440
28.803011
4.557580
34.978912
1.763155
74.912018
38.402756
1.018999
5.468660
61.009033
31.926068
15.172646
27.647610
2.302367
118.538552
10.987766
1.064436
3.032564
105.817613
2.781672
6.678469
11.850493
12.975313
85.800210
5.994576
45.422867
48.955440
3.926927
46.076843
15.777898
9.809449
4.639706
71.007066
93.522705
109.691648
58.617906
24.915773
59.904849
10.761258
59.357673
116.195667
34.100644
3.515752
41.149719
6.767130
112.493437
84.320004
35.079177
0.405082
0.813289
2.655143
5.310254
11.958466
9.129530
6.194035
46.960915
46.868298
10.576208
8.761957
115.292391
39.129066
29.149872
85.243993
144.597311
7.630670
7.018946
4.365551
71.109329
72.936097
3.500754
11.099036
7.086662
50.346247
2.306522
21.488406
44.380092
51.012255
69.288927
47.581472
49.669928
15.623019
57.670627
56.184514
14.283428
20.231482
37.026463
5.957654
16.069441
15.554035
100.680447
11.049402
111.663989
32.835411
11.486027
144.320592
70.437519
41.719671
77.789778
14.567394
